   0.1000000E+00   0.1530000E-01   0.0000000E+00   0.1440593E+02   0.9144884E-02
   0.2000000E+00   0.3060000E-01   0.0000000E+00   0.2882485E+02   0.2337881E-01
   0.3000000E+00   0.4590000E-01   0.0000000E+00   0.4325850E+02   0.7866217E-01
   0.4000000E+00   0.6120000E-01   0.0000000E+00   0.5772158E+02   0.2107768E+00
   0.5000000E+00   0.7650000E-01   0.0000000E+00   0.7222992E+02   0.4508650E+00
   0.6000000E+00   0.9180000E-01   0.0000000E+00   0.8679888E+02   0.8262953E+00
   0.7000000E+00   0.1071000E+00   0.0000000E+00   0.1014430E+03   0.1361701E+01
   0.8000000E+00   0.1224000E+00   0.0000000E+00   0.1161761E+03   0.2079828E+01
   0.9000000E+00   0.1377000E+00   0.0000000E+00   0.1310107E+03   0.2982570E+01
   0.1000000E+01   0.1530000E+00   0.0000000E+00   0.1459552E+03   0.4071267E+01
   0.1100000E+01   0.1683000E+00   0.0000000E+00   0.1610193E+03   0.5379678E+01
   0.1200000E+01   0.1836000E+00   0.0000000E+00   0.1762130E+03   0.6931168E+01
   0.1300000E+01   0.1989000E+00   0.0000000E+00   0.1915468E+03   0.8747666E+01
   0.1400000E+01   0.2142000E+00   0.0000000E+00   0.2070311E+03   0.1085065E+02
   0.1500000E+01   0.2295000E+00   0.0000000E+00   0.2226763E+03   0.1326133E+02
   0.1600000E+01   0.2448000E+00   0.0000000E+00   0.2384929E+03   0.1600059E+02
   0.1700000E+01   0.2601000E+00   0.0000000E+00   0.2544914E+03   0.1908886E+02
   0.1800000E+01   0.2754000E+00   0.0000000E+00   0.2706823E+03   0.2254589E+02
   0.1900000E+01   0.2907000E+00   0.0000000E+00   0.2870758E+03   0.2639053E+02
   0.2000000E+01   0.3060000E+00   0.0000000E+00   0.3036821E+03   0.3064047E+02
   0.2100000E+01   0.3213000E+00   0.0000000E+00   0.3205113E+03   0.3531205E+02
   0.2200000E+01   0.3366000E+00   0.0000000E+00   0.3375733E+03   0.4041998E+02
   0.2300000E+01   0.3519000E+00   0.0000000E+00   0.3548706E+03   0.4535891E+02
   0.2400000E+01   0.3672000E+00   0.0000000E+00   0.3723650E+03   0.4969439E+02
   0.2500000E+01   0.3825000E+00   0.0000000E+00   0.3900402E+03   0.5406075E+02
   0.2600000E+01   0.3978000E+00   0.0000000E+00   0.4078924E+03   0.5855279E+02
   0.2700000E+01   0.4131000E+00   0.0000000E+00   0.4259204E+03   0.6320853E+02
   0.2800000E+01   0.4284000E+00   0.0000000E+00   0.4441243E+03   0.6804860E+02
   0.2900000E+01   0.4437000E+00   0.0000000E+00   0.4625045E+03   0.7308593E+02
   0.3000000E+01   0.4590000E+00   0.0000000E+00   0.4810619E+03   0.7832937E+02
   0.3100000E+01   0.4743000E+00   0.0000000E+00   0.4997976E+03   0.8378533E+02
   0.3200000E+01   0.4896000E+00   0.0000000E+00   0.5187128E+03   0.8945865E+02
   0.3300000E+01   0.5049000E+00   0.0000000E+00   0.5378087E+03   0.9535303E+02
   0.3400000E+01   0.5202000E+00   0.0000000E+00   0.5570867E+03   0.1014714E+03
   0.3500000E+01   0.5355000E+00   0.0000000E+00   0.5765479E+03   0.1078161E+03
   0.3600000E+01   0.5508000E+00   0.0000000E+00   0.5961936E+03   0.1143888E+03
   0.3700000E+01   0.5661000E+00   0.0000000E+00   0.6160251E+03   0.1211911E+03
   0.3800000E+01   0.5814000E+00   0.0000000E+00   0.6360435E+03   0.1282240E+03
   0.3900000E+01   0.5967000E+00   0.0000000E+00   0.6562500E+03   0.1354884E+03
   0.4000000E+01   0.6120000E+00   0.0000000E+00   0.6766458E+03   0.1429849E+03
   0.4100000E+01   0.6273000E+00   0.0000000E+00   0.6972319E+03   0.1507140E+03
   0.4200000E+01   0.6426000E+00   0.0000000E+00   0.7180094E+03   0.1586760E+03
   0.4300000E+01   0.6579000E+00   0.0000000E+00   0.7389792E+03   0.1668709E+03
   0.4400000E+01   0.6732000E+00   0.0000000E+00   0.7601423E+03   0.1752989E+03
   0.4500000E+01   0.6885000E+00   0.0000000E+00   0.7814995E+03   0.1839598E+03
   0.4600000E+01   0.7038000E+00   0.0000000E+00   0.8030518E+03   0.1928536E+03
   0.4700000E+01   0.7191000E+00   0.0000000E+00   0.8248000E+03   0.2019799E+03
   0.4800000E+01   0.7344000E+00   0.0000000E+00   0.8467449E+03   0.2113385E+03
   0.4900000E+01   0.7497000E+00   0.0000000E+00   0.8688871E+03   0.2209290E+03
   0.5000000E+01   0.7650000E+00   0.0000000E+00   0.8912274E+03   0.2307511E+03
   0.5100000E+01   0.7803000E+00   0.0000000E+00   0.9137664E+03   0.2408042E+03
   0.5200000E+01   0.7956000E+00   0.0000000E+00   0.9365049E+03   0.2510880E+03
   0.5300000E+01   0.8109000E+00   0.0000000E+00   0.9594433E+03   0.2616019E+03
   0.5400000E+01   0.8262000E+00   0.0000000E+00   0.9825822E+03   0.2723454E+03
   0.5500000E+01   0.8415000E+00   0.0000000E+00   0.1005922E+04   0.2833180E+03
   0.5600000E+01   0.8568000E+00   0.0000000E+00   0.1029464E+04   0.2945192E+03
   0.5700000E+01   0.8721000E+00   0.0000000E+00   0.1053208E+04   0.3059483E+03
   0.5800000E+01   0.8874000E+00   0.0000000E+00   0.1077154E+04   0.3176048E+03
   0.5900000E+01   0.9027000E+00   0.0000000E+00   0.1101303E+04   0.3294881E+03
   0.6000000E+01   0.9180000E+00   0.0000000E+00   0.1125655E+04   0.3415977E+03
   0.6100000E+01   0.9333000E+00   0.0000000E+00   0.1150211E+04   0.3539329E+03
   0.6200000E+01   0.9486000E+00   0.0000000E+00   0.1174972E+04   0.3664932E+03
   0.6300000E+01   0.9639000E+00   0.0000000E+00   0.1199936E+04   0.3792779E+03
   0.6400000E+01   0.9792000E+00   0.0000000E+00   0.1225105E+04   0.3922866E+03
   0.6500000E+01   0.9945000E+00   0.0000000E+00   0.1250480E+04   0.4055186E+03
   0.6600000E+01   0.1009800E+01   0.0000000E+00   0.1276059E+04   0.4189733E+03
   0.6700000E+01   0.1025100E+01   0.0000000E+00   0.1301844E+04   0.4326502E+03
   0.6800000E+01   0.1040400E+01   0.0000000E+00   0.1327835E+04   0.4465487E+03
   0.6900000E+01   0.1055700E+01   0.0000000E+00   0.1354032E+04   0.4606682E+03
   0.7000000E+01   0.1071000E+01   0.0000000E+00   0.1380435E+04   0.4750083E+03
   0.7100000E+01   0.1086300E+01   0.0000000E+00   0.1407045E+04   0.4895682E+03
   0.7200000E+01   0.1101600E+01   0.0000000E+00   0.1433861E+04   0.5043476E+03
   0.7300000E+01   0.1116900E+01   0.0000000E+00   0.1460884E+04   0.5193459E+03
   0.7400000E+01   0.1132200E+01   0.0000000E+00   0.1488114E+04   0.5345625E+03
   0.7500000E+01   0.1147500E+01   0.0000000E+00   0.1515551E+04   0.5499970E+03
   0.7600000E+01   0.1162800E+01   0.0000000E+00   0.1543195E+04   0.5656487E+03
   0.7700000E+01   0.1178100E+01   0.0000000E+00   0.1571047E+04   0.5815173E+03
   0.7800000E+01   0.1193400E+01   0.0000000E+00   0.1599106E+04   0.5976022E+03
   0.7900000E+01   0.1208700E+01   0.0000000E+00   0.1627373E+04   0.6139029E+03
   0.8000000E+01   0.1224000E+01   0.0000000E+00   0.1655847E+04   0.6304190E+03
   0.8100000E+01   0.1239300E+01   0.0000000E+00   0.1684530E+04   0.6471499E+03
   0.8200000E+01   0.1254600E+01   0.0000000E+00   0.1713420E+04   0.6640952E+03
   0.8300000E+01   0.1269900E+01   0.0000000E+00   0.1742518E+04   0.6812545E+03
   0.8400000E+01   0.1285200E+01   0.0000000E+00   0.1771824E+04   0.6986272E+03
   0.8500000E+01   0.1300500E+01   0.0000000E+00   0.1801338E+04   0.7162129E+03
   0.8600000E+01   0.1315800E+01   0.0000000E+00   0.1831060E+04   0.7340113E+03
   0.8700000E+01   0.1331100E+01   0.0000000E+00   0.1860991E+04   0.7520217E+03
   0.8800000E+01   0.1346400E+01   0.0000000E+00   0.1891130E+04   0.7702439E+03
   0.8900000E+01   0.1361700E+01   0.0000000E+00   0.1921477E+04   0.7886773E+03
   0.9000000E+01   0.1377000E+01   0.0000000E+00   0.1952032E+04   0.8073216E+03
   0.9100000E+01   0.1392300E+01   0.0000000E+00   0.1982796E+04   0.8261763E+03
   0.9200000E+01   0.1407600E+01   0.0000000E+00   0.2013768E+04   0.8452411E+03
   0.9300000E+01   0.1422900E+01   0.0000000E+00   0.2044948E+04   0.8645154E+03
   0.9400000E+01   0.1438200E+01   0.0000000E+00   0.2076337E+04   0.8839989E+03
   0.9500000E+01   0.1453500E+01   0.0000000E+00   0.2107934E+04   0.9036912E+03
   0.9600000E+01   0.1468800E+01   0.0000000E+00   0.2139739E+04   0.9235918E+03
   0.9700000E+01   0.1484100E+01   0.0000000E+00   0.2171753E+04   0.9437004E+03
   0.9800000E+01   0.1499400E+01   0.0000000E+00   0.2203976E+04   0.9640166E+03
   0.9900000E+01   0.1514700E+01   0.0000000E+00   0.2236406E+04   0.9845399E+03
   0.1000000E+02   0.1530000E+01   0.0000000E+00   0.2269045E+04   0.1005270E+04
